0
-1
0-0 1	1-9 13	a-z 14	A-Z 14	_-_ 14	/-/ 16	 -  0		-	 0	+-+ 21	--- 24	*-* 27	.-. 28	&-& 29	|-| 32	!-! 35	=-= 38	<-< 41	>-> 44	,-, 47	;-; 48	(-( 49	)-) 50	[-[ 51	]-] 52	{-{ 53	}-} 54	'-' 55	"-" 60
-1
1
-1
x-x 2	0-7 5	8-9 6	.-. 7
4
2
-1
0-9 3	a-f 3	A-F 3
-1
3
-1
0-9 3	a-f 3	A-F 3
4
4
1
i-i 0
0
5
-1
0-7 5	8-9 6	.-.  7	e-e 9	E-E 9
4
6
-1
0-9 6	.-. 7	e-e 9	E-E 9
4
7
-1
0-9 8
-1
8
-1
0-9 8	e-e 9	E-E 9
12
9
-1
--- 10	+-+	10
10
10
-1
0-9 11
-1
11
-1
0-9 11
12
12
2
i-i 0
0
13
-1
0-9 6	.-. 7
4
14
-1
a-z 14	A-Z 14	0-9 14	_-_ 14
15
15
0
i-i 0
0
16
-1
*-* 19	/-/ 18
17
17
18
i-i 0
0
19
-1
*-* 20	^-* 19
-1
20
-1
*-* 20	-*- 0
19
21
-1
+-+ 23
22
22
13
i-i 0
0
23
14
i-i 0
0
24
-1
--- 26
25
25
15
i-i 0
0
26
16
i-i 0
0
27
17
i-i 0
0
28
19
i-i 0
0
29
-1
&-& 31
30
30
21
i-i 0
0
31
20
i-i 0
0
32
-1
|-| 34
33
33
23
i-i 0
0
34
22
i-i 0
0
35
-1
=-= 37
36
36
24
i-i 0
0
37
27
i-i 0
0
38
-1
=-= 40
39
39
25
i-i 0
0
40
26
i-i 0
0
41
-1
=-= 43
42
42
28
i-i 0
0
43
29
i-i 0
0
44
-1
=-= 46
45
45
30
i-i 0
0
46
31
i-i 0
0
47
5
i-i 0
0
48
6
i-i 0
0
49
7
i-i 0
0
50
8
i-i 0
0
51
9
i-i 0
0
52
10
i-i 0
0
53
11
i-i 0
0
54
12
i-i 0
0
55
-1
^-' 58
-1
56
-1
a-a 57	b-b 57	f-f 57		n-n 57	r-r 57	t-t 57	v-v 57	'-' 57	?-? 57	"-" 57	0-0 57
-1
57
-1
'-' 59
-1
58
-1
'-' 59
-1
59
3
i-i 0
0
60
-1
^-" 63	"-" 64
-1
61
-1
a-a 62	b-b 62	f-f 62		n-n 62	r-r 62	t-t 62	v-v 62	'-' 62	?-? 62	"-" 62	0-0 57
-1
62
-1
"-" 64
60
63
-1
"-" 64
60
64
4
i-i 0
0
65
32
i-i 0
0
